States/UTs	2006	2007	2008	2009	2010	2011	2012
Andhra Pradesh	1240	865	619	1668	970	778	424
Arunachal Pradesh	8	4	15	9	5	3	14
Assam	212	142	414	129	160	302	121
Bihar	611	885	839	422	350	754	805
Chhattisgarh	82	97	222	64	283	85	75
Goa	11	0	0	0	0	0	0
Gujarat	273	48	64	170	33	27	57
Haryana	140	171	181	131	142	143	129
Himachal Pradesh	56	111	9	28	62	31	24
Jammu & Kashmir	39	5	48	9	15	21	53
Jharkhand	163	387	296	273	263	485	438
Karnataka	648	33	156	212	69	136	145
Kerala	48	5	11	8	11	12	2
Madhya Pradesh	594	993	277	681	947	810	919
Maharashtra	776	1007	896	896	620	479	482
Manipur	0	5	6	15	4	30	0
Meghalaya	10	3	3	11	6	27	21
Mizoram	5	30	7	6	15	10	29
Nagaland	13	0	5	0	1	3	11
Odisha	292	268	333	335	329	480	328
Punjab	100	382	101	323	299	158	55
Rajasthan	938	543	353	311	711	530	367
Sikkim	17	13	19	0	13	3	2
Tamil Nadu	136	82	88	538	431	575	731
Tripura	0	0	6	0	0	7	3
Uttarakhand	50	17	22	3	0	0	137
Uttar Pradesh	1749	1501	2021	2127	1123	4653	2414
West Bengal	102	489	668	932	3065	0	NA
Andaman & Nicobar Islands	0	0	2	4	1	1	NA
Chandigarh	0	0	0	0	0	NA	5
Dadra & Nagar Haveli	0	0	0	0	47	0	36
Daman & Diu	0	0	1	0	1	1	1
Delhi	0	0	0	0	0	8	6
Lakshadweep	0	0	0	2	0	0	0
Puducherry	0	0	0	0	0	1	1
All India	8313	8086	7682	9307	9976	10553	7835
